92.4007	1.61188	104.699	10.6374
164.624	29.3484	161.53	0.394724
299.78	70.4832	296.361	0.406112
366.19	0.61799	366.412	58.1364
373.845	0.622262	374.068	59.3762
376.984	89.3657	377.711	0.611381
406.691	0.622117	406.619	99.3748
415.58	0.569976	413.47	98.1595
456.267	0.618081	456.011	23.1294
457.413	64.4022	460.642	0.56265
465.103	0.416984	460.609	65.7099
465.603	99.4446	471.207	0.587147
481.539	0.518461	474.896	99.41
509.444	96.9964	518.331	0.413908
540.282	0.461016	534.093	60.5959
566.611	115.59	581.879	0.459785
591.104	0.340577	573.662	124.275
359.936	19.3799	359.82	3.12182
251.358	4.30607	253.605	28.1974
402.188	54.375	402.188	4.375
433.157	58.1778	434.278	4.39904
338.026	56.9344	335.768	5.61872
176.793	10.4528	196.867	11.9758
568.137	9.87018	549.368	10.3356
616.205	74.679	627.047	9.40362
189.891	39.7176	214.22	12.7397
212.699	12.0674	233.656	36.4185
567.422	25.7018	569.559	10.4754
547.699	11.9605	546.145	26.929
196.896	15.188	176.882	14.224
488.127	15.7231	504.398	15.3287
170.605	17.4282	191.872	18.1995
364.164	24.1131	349.179	22.7016
348.139	29.8182	364.384	30.093
450.025	31.8175	446.89	64.4964
360.647	56.8818	360.515	33.1187
441.114	33.1162	440.811	59.3771
234.005	37.0582	249.897	55.0188
171.496	61.4463	191.838	40.6183
624.766	48.1954	620.938	69.4314
195.408	58.1252	179.824	67.6131
255.805	58.0032	261.032	119.34
374.255	59.5413	300.571	63.3276
253.273	60.0022	238.227	63.5572
399.468	59.3417	398.64	88.1039
430.76	101.93	432.447	59.2987
234.769	69.2538	254.295	62.8795
195.628	65.691	223.184	64.2697
335.626	64.3964	369.376	63.1469
462.696	62.9887	459.722	99.6063
178.694	74.1208	196.506	66.0605
533.752	64.1786	528.614	113.176
371.891	67.0977	299.314	72.2692
402.188	88.125	402.188	68.125
175.96	96.0353	170.853	69.0947
453.432	99.6146	455.886	70.8607
619.317	72.3295	643.124	73.1454
200.248	74.8557	179.468	80.9427
673.137	73.7126	728.142	74.738
235.431	78.2	254.486	75.0477
728.149	78.0799	620.616	76.1228
179.187	84.3054	231.866	76.8108
255.655	82.2112	239.425	83.6799
342.984	88.8903	366.071	82.1556
213.107	89.0956	179.335	91.2487
125.939	94.9672	107.268	86.052
327.221	93.3235	342.541	89.6616
372.901	90.1747	398.011	92.9175
399.422	89.5388	379.351	88.6765
194.415	95.9083	230.646	90.7715
360.54	122.234	352.896	93.7653
374.818	94.923	381.992	125.001
382.706	118.136	382.965	98.1068
510.641	99.7256	429.329	103.328
526.598	108.611	508.15	98.0812
405.645	101.338	421.873	101.93
179.849	131.798	174.96	101.578
352.052	109.914	319.367	106.961
461.933	113.572	526.857	111.345
211.908	112.016	239.459	112.846
258.143	110.773	241.983	112.756
421.868	112.37	461.895	112.916
239.521	112.878	255.393	122.267
526.942	114.616	568.176	117.356
316.869	120.067	343.101	119.767
461.898	116.975	431.745	123.803
544.449	123.318	463.072	117.626
300.53	121.636	315.708	120.664
256.911	122.953	289.416	121.871
390.607	120.891	414.417	122.496
571.907	125.205	545.429	123.162
320.606	122.923	301.788	124.711
260.324	124.853	266.034	143.384
288.14	125.026	264.374	125.562
293.643	159.521	291.051	124.344
298.884	124.405	300.946	158.182
415.723	127.311	396.8	131.541
529.516	148.453	579.891	126.826
344.403	133.28	326.885	133.624
310.195	153.341	308.708	133.174
321.806	138.979	358.022	141.902
571.846	138.473	728.26	151.501
183.273	155.774	181.025	139.152
387.007	142.042	463.343	151.335
496.963	143.734	527.972	147.99
728.461	160.918	559.363	144.495
486.683	160.926	391.744	149.187
157.979	148.555	143.007	151.212
281.911	149.544	267.052	152.707
350.391	148.431	214.452	182.185
527.482	149.573	545.629	154.36
464.183	151.247	489.431	153.833
126.96	153.647	79.2935	161.372
199.384	180.978	191.677	153.893
545.964	154.32	605.815	169.893
472.668	196.666	491.293	156.035
412.092	161.339	356.867	178.097
75.5289	162.48	54.1936	165.656
401.919	170.748	424.236	162.737
208.132	174.357	197.465	163.78
66.9403	170.152	48.0089	171.742
86.8546	171.173	68.0841	170.474
108.258	182.505	168.216	169.806
48.2369	171.363	26.7236	174.627
101.568	175.596	86.8683	171.902
165.752	173.734	133.102	180.516
25.7435	174.959	0.757854	180.03
328.852	196.647	387.03	176.062
609.998	175.385	592.588	220.898
30.6538	179.598	51.8723	176.854
457.964	185.16	475.87	178.969
351.922	179.532	330.349	185.947
132.676	180.827	109.33	185.394
111.952	202.194	196.856	181.794
214.223	182.534	199.251	186.393
300.67	183.158	283.147	183.767
315.074	194.987	301.264	182.554
110.031	199.493	107.066	184.586
200.946	185.674	173.28	192.502
224.661	287.175	457.389	185.195
281.111	185.174	294.948	200.094
455.213	198.638	475.457	189.022
162.703	195.218	112.756	207.924
331.789	201.618	350.538	195.363
312.904	202.47	328.265	197.292
290.879	200.055	269.368	208.107
427.9	211.364	446.365	203.219
465.405	231.601	470.527	204.124
709.362	208.221	690.617	205.683
214.359	210.432	240.534	208.272
367.922	213.66	349.26	218.973
246.884	220.654	264.22	215.137
253.336	220.175	267.008	226.592
377.246	234.147	403.736	221.952
591.353	220.931	566.843	279.362
194.578	228.713	211.755	222.778
51.2457	224.926	105.764	243.978
453.13	227.652	415.634	227.26
414.477	228.464	396.701	233.794
399.291	240.07	456.617	231.413
156.778	232.818	134.522	239.842
254.498	236.321	218.277	242.735
220.599	245.498	250.862	239.276
345.582	238.021	326.941	245.784
436.726	238.18	451.478	277.807
70.5992	244.465	54.2511	239.81
425.685	239.689	409.314	242.806
440.26	282.865	427.54	239.547
484.744	268.181	467.031	239.279
302.308	270.201	359.562	242.258
199.53	242.266	218.345	245.655
47.0989	249.358	65.69	245.983
106.158	244.152	224.769	287.036
161.809	242.922	144.507	248.532
413.093	244.373	411.012	279.324
25.2054	266.325	47.4578	249.36
202.685	253.312	227.631	257.393
227.879	256.53	249.389	253.216
414.856	275.656	416.294	253.168
225.463	261.604	198.09	257.084
124.485	259.134	144.334	268.214
271.997	274.633	303.362	259.879
118.246	261.392	70.3605	268.949
145.538	274.596	114.852	262.601
260.699	260.854	244.161	266.215
210.686	262.051	188.997	269.528
477.717	270.534	462.085	265.029
448.073	264.55	490.859	277.344
494.428	275.496	478.78	269.037
69.7093	269.288	34.0613	279.533
8.63186	281.325	24.8626	269.572
290.476	274.969	306.471	271.342
395.747	277.036	360.626	273.112
194.577	280.099	175.728	272.857
131.301	282.639	146.661	277.487
264.059	288.863	289.893	276.727
358.06	275.973	420.499	287.555
33.7254	279.481	12.8381	288.727
243.746	286.896	260.83	278.544
429.401	282.998	414.272	279.873
567.967	279.831	562.161	309.674
534.446	281.358	506.843	284.047
159.133	281.95	174.588	331.809
220.566	289.533	199.469	281.623
463.237	282.367	480.725	284.944
14.4962	349.626	0.272279	285.703
175.707	355.98	154.21	285.295
174.35	285.692	214.309	300.8
229.401	294.429	243.516	287.694
228.383	306.169	263.787	289.384
497.28	287.267	478.322	294.867
489.13	305.918	551.687	289.889
10.296	290.943	14.4074	311.373
131.357	302.742	112.223	291.293
192.125	305.408	179.952	291.374
199.263	295.645	203.333	318.087
309.369	297.111	293.127	297.206
213.216	300.411	227.565	306.499
206.146	357.015	195.859	303.32
139.107	304.437	146.118	334.838
78.806	323.95	131.774	306.568
139.548	330.837	134.585	305.584
563.084	309.096	568.048	330.643
195.392	318.173	200.834	344.332
188.348	319.328	196.811	359.123
25.5232	323.27	65.5836	326.193
62.8697	325.469	79.6997	322.413
405.542	353.189	380.389	320.808
204.722	323.076	207.002	339.357
16.9669	327.172	25.8599	361.815
174.681	332.142	185.808	371.469
20.1757	369.878	14.3652	350.258
428.159	374.34	407.15	354.09
179.254	379.388	176.727	356.614
527.324	360.928	506.256	368.607
215.26	367.243	199.619	373.715
96.8795	369.452	78.0477	370.552
29.188	371.912	32.975	390.904
60.5506	372.313	34.2919	374.717
214.842	404.294	209.189	371.908
37.2862	433.921	20.9065	373.957
199.603	374.033	205.208	398.222
490.409	385.881	539.552	375.186
543.047	374.379	543.931	393.205
203.899	399.055	165.078	379.195
207.823	381.93	211.943	404.362
161.723	383.751	177.862	393.207
428.184	394.728	457.977	389.742
526.874	389.373	502.873	398.728
33.4414	391.478	40.4367	419.106
390.551	401.493	419.428	395.896
181.968	397.981	199.459	409.245
424.476	397.417	384.467	404.869
495.564	396.972	532.529	420.319
384.114	407.965	429.188	399.617
476.623	403.074	468.266	444.403
468.219	407.985	391.879	414.426
275.272	443.678	219.45	408.008
455.77	476.645	469.431	410.896
563.823	451.695	486.321	411.698
209.933	417.769	225.596	423.209
530.627	421.083	565.323	442.367
233.767	420.98	249.822	432.503
443.14	422.383	418.125	423.132
413.125	423.125	394.354	423.787
225.957	423.785	245.002	434.512
504.298	437.081	485.405	429.96
246.682	432.702	272.221	448.828
477.922	436.829	464.063	498.054
533.572	440.975	555.1	451.664
578.466	445.563	576.92	468.298
448.772	498.602	439.45	486.816
